66 7485
408 145
223 114
203 382
162 144
62 149
258 225
88 383
263 40
125 335
97 127
64 121
368 19
58 149
332 48
384 209
253 443
279 297
171 158
301 254
241 396
441 325
49 78
27 486
108 368
464 167
416 430
135 244
243 468
455 168
185 464
355 205
402 106
281 227
383 76
266 276
400 458
296 339
441 123
137 44
197 331
123 332
208 252
279 318
209 250
327 409
400 394
74 162
271 448
460 363
71 274
433 48
453 17
487 466
103 309
189 48
311 427
97 423
128 406
33 247
16 444
463 303
107 407
201 423
300 493
413 288
121 90
