114 4536
424 234
173 313
250 409
76 285
27 26
492 45
103 373
75 262
243 237
247 284
200 452
132 164
212 196
125 467
47 303
472 413
462 12
139 154
205 325
163 218
155 114
464 267
228 363
171 348
403 161
215 291
317 352
494 188
288 488
135 309
73 238
204 470
327 473
467 144
132 89
414 36
419 400
480 262
358 494
466 466
398 473
221 265
479 381
194 180
258 63
194 389
358 214
269 307
457 411
274 313
406 75
173 68
181 341
350 358
365 440
65 68
140 157
331 488
338 432
6 370
375 142
492 243
394 15
227 34
310 347
263 36
136 291
337 421
212 470
97 258
335 443
321 246
215 149
402 53
476 390
308 307
261 187
219 353
185 214
90 40
213 310
231 178
135 216
2 116
320 358
122 457
177 139
356 36
222 2
250 236
307 126
164 317
176 456
498 72
499 191
366 5
273 14
208 194
21 151
47 251
334 459
27 214
308 401
261 184
197 200
331 386
58 265
239 100
379 360
200 167
6 209
353 25
230 32
247 55
