136 11947
270 26
394 121
354 461
278 189
495 30
395 126
390 97
161 312
363 106
153 244
43 438
377 291
458 262
120 409
263 414
326 49
74 387
98 138
52 391
331 437
146 188
26 416
323 479
490 205
398 193
3 91
220 63
318 229
185 475
463 211
155 80
395 407
356 398
440 184
224 380
420 49
358 125
401 131
123 359
68 2
145 338
48 132
307 457
101 287
315 85
70 232
352 49
383 172
64 428
347 48
459 447
13 76
398 300
411 60
182 484
108 130
346 399
209 380
301 486
325 190
414 453
353 481
293 333
16 70
379 286
221 248
444 425
302 101
261 141
255 209
344 123
102 51
375 113
275 56
370 321
465 448
406 29
167 38
458 465
259 188
418 156
456 370
266 324
166 452
437 67
202 89
238 462
412 22
21 154
443 374
270 59
485 483
412 390
189 62
426 87
88 377
448 213
211 292
456 249
79 291
378 481
189 158
465 231
445 303
452 497
10 456
299 334
307 319
167 401
119 2
63 317
366 369
172 314
374 12
380 207
96 64
7 74
159 68
410 224
287 42
469 446
185 52
498 499
180 21
233 406
404 346
388 335
31 348
460 369
482 407
148 192
39 351
463 65
383 342
342 32
323 469
