128 7865
489 219
402 117
364 376
99 8
334 25
175 225
90 64
186 90
323 384
483 94
244 479
419 320
357 228
203 398
27 329
123 326
296 215
305 393
453 301
192 208
131 405
222 22
458 337
135 6
484 415
73 68
311 180
275 20
499 416
370 342
253 317
9 36
438 47
336 279
183 403
102 411
149 265
340 158
178 120
259 27
388 74
338 220
287 138
375 413
499 100
428 449
435 167
475 38
194 280
377 132
211 227
212 90
471 175
183 2
403 337
4 315
223 431
244 44
464 446
131 425
152 183
88 400
366 291
211 401
115 319
372 484
459 302
429 331
306 27
170 242
154 288
319 233
404 475
253 295
484 431
145 83
282 419
302 314
123 461
29 228
108 152
284 6
67 453
20 14
396 107
366 276
81 132
185 59
486 44
214 139
152 486
165 164
181 94
461 353
166 3
484 226
181 294
264 455
250 265
259 436
132 7
128 314
272 441
352 343
385 95
364 110
199 191
271 374
133 82
341 68
306 393
437 94
99 158
314 146
95 398
117 121
327 495
355 11
286 64
201 395
340 310
157 166
337 146
307 482
299 309
237 454
279 356
380 333
