123 9023
470 453
440 322
1 202
402 152
44 160
487 268
196 292
170 99
26 1
120 130
156 52
270 444
198 66
113 491
324 10
274 434
109 285
178 177
393 76
77 385
352 396
254 45
293 27
219 303
86 345
459 431
211 102
110 16
368 430
354 426
206 379
143 334
272 337
220 92
385 387
48 23
342 483
469 440
63 447
460 59
342 409
433 332
130 22
212 290
248 336
130 151
403 154
47 381
81 184
22 73
92 291
16 31
269 465
35 376
375 254
452 252
239 274
113 351
32 8
27 121
228 447
42 226
191 122
72 52
4 249
485 5
37 307
207 149
190 306
219 486
259 84
404 495
106 389
153 256
262 481
473 119
369 104
59 126
290 216
187 11
403 385
167 364
260 438
285 378
124 284
417 295
497 323
113 355
293 367
150 449
267 437
367 114
423 342
63 453
5 35
72 62
434 357
182 21
446 358
318 417
155 130
260 249
364 449
204 13
460 182
191 399
17 89
463 436
275 288
217 439
423 307
156 346
193 170
483 270
97 389
146 220
229 221
366 321
145 320
110 492
309 445
469 95
76 69
