99 9474
412 7
185 147
237 384
31 168
327 157
183 387
330 225
442 93
136 393
269 332
109 86
44 408
368 35
404 54
363 321
408 263
408 14
229 292
288 243
239 348
266 49
234 289
235 441
286 413
474 205
414 88
379 83
240 443
390 407
135 194
312 183
229 36
154 301
99 76
120 284
242 476
294 356
402 490
30 468
101 405
334 362
394 284
496 43
27 303
25 205
120 374
242 448
254 127
229 197
264 428
376 305
11 84
485 297
427 353
157 499
409 204
106 91
457 360
311 133
112 387
145 258
311 395
241 37
52 16
6 357
132 137
435 353
252 243
174 373
481 223
48 212
298 401
335 28
115 331
339 168
274 286
324 332
486 288
49 102
222 482
478 338
364 469
267 211
189 484
1 383
431 103
113 495
443 270
27 319
498 457
5 433
462 261
59 19
55 2
10 425
87 474
154 354
466 169
31 150
