87 4160
48 154
66 427
153 433
39 316
226 97
247 373
117 398
464 454
444 53
269 396
342 4
114 215
87 82
109 471
307 282
42 133
1 428
64 436
257 58
5 74
129 224
151 263
428 134
470 107
418 90
283 402
104 306
260 258
350 273
345 345
380 208
92 334
449 88
424 286
276 219
180 78
376 383
468 16
85 259
369 422
156 3
154 141
70 431
442 3
275 329
162 416
246 353
421 393
163 147
48 271
347 323
169 401
434 161
475 85
383 199
451 305
339 22
347 363
285 37
1 489
16 485
328 274
395 165
223 65
276 423
256 205
133 81
81 452
2 324
28 24
202 82
363 41
365 310
334 262
273 342
72 267
397 271
274 279
363 248
338 74
370 240
357 107
131 405
169 356
438 391
363 390
213 254
