121 13260
175 16
419 54
415 32
441 65
70 218
268 10
499 322
270 222
279 236
258 406
238 282
220 4
245 90
194 378
234 254
488 114
373 264
340 471
450 224
68 450
17 432
341 462
183 329
238 382
309 180
385 154
85 58
371 430
52 9
446 156
42 252
447 452
469 121
298 205
132 334
11 421
479 473
239 218
366 130
454 3
169 41
249 189
330 465
384 444
21 103
270 186
27 262
477 231
250 87
156 152
468 170
68 236
302 492
37 311
58 389
190 102
103 161
321 206
221 341
497 335
434 205
394 243
184 33
286 52
204 103
370 164
100 236
50 380
109 119
256 317
78 201
205 20
91 124
485 330
186 243
14 411
140 84
299 176
366 444
337 463
318 295
36 479
106 302
270 307
248 488
416 373
230 438
336 408
238 153
422 302
84 157
334 193
465 479
131 243
83 453
223 367
152 86
352 473
214 153
361 183
116 146
237 79
43 419
397 470
343 180
301 498
183 45
382 445
210 122
245 298
493 193
346 161
236 29
27 62
338 142
306 121
184 329
98 226
495 62
110 104
467 283
