113 1459
210 28
488 207
182 184
308 429
56 175
272 189
360 485
418 132
179 215
61 160
373 464
137 3
203 493
253 342
19 466
128 13
92 367
416 284
56 386
4 354
299 181
43 81
405 54
373 415
200 416
117 247
241 463
419 407
242 327
69 6
92 53
143 9
187 248
484 152
459 168
63 288
498 408
297 369
122 337
258 275
309 441
25 118
172 90
177 273
10 289
352 182
176 8
444 95
341 299
313 121
448 8
445 409
268 394
438 432
220 19
140 357
461 328
459 487
61 116
443 243
48 12
374 136
174 346
368 295
429 72
451 153
149 211
305 299
4 455
26 265
416 462
473 400
78 288
92 123
326 317
34 35
459 119
357 101
106 336
420 486
119 361
149 132
369 151
174 74
212 44
412 325
80 18
54 369
426 409
194 141
487 404
456 497
492 436
110 381
168 175
71 488
12 215
390 142
394 451
403 63
463 428
35 204
151 190
332 182
181 17
162 106
213 125
106 16
309 44
53 231
197 131
355 106
428 286
