82 18056
112 369
151 341
378 448
391 207
136 198
194 471
22 286
319 88
148 348
97 492
232 240
186 315
244 320
287 171
36 234
146 351
414 454
369 301
27 69
475 50
204 388
481 296
343 49
328 254
7 459
94 137
355 482
167 319
336 321
63 284
28 186
53 469
25 164
410 356
48 295
333 277
485 240
297 261
322 121
65 420
222 186
197 490
272 195
489 30
120 317
264 274
194 6
447 152
317 279
443 262
177 212
219 156
137 154
402 435
447 119
139 194
239 420
30 12
388 300
432 498
27 198
143 9
430 280
242 14
199 337
104 387
141 308
67 394
236 100
83 340
151 253
37 49
156 408
120 89
142 362
42 30
107 59
274 144
460 106
212 301
209 56
146 482
