120 1290
107 1
102 244
383 226
431 11
136 458
290 276
368 405
228 274
230 450
192 165
408 141
284 292
26 430
372 251
492 164
444 44
346 42
120 460
344 69
116 303
452 104
107 276
473 20
177 157
1 224
301 321
278 153
310 195
489 29
312 257
336 156
300 61
297 265
156 173
135 115
414 288
194 472
486 319
370 145
380 439
469 481
203 164
338 227
328 421
435 420
365 311
260 378
139 326
418 147
322 104
287 106
201 271
110 242
170 487
254 44
135 420
191 222
219 305
112 426
176 499
297 466
382 64
294 207
237 166
471 51
316 474
398 298
267 433
171 331
8 50
111 55
224 209
97 42
8 188
443 121
343 124
262 196
129 455
23 478
174 372
271 123
48 279
225 480
476 62
251 111
188 127
345 235
226 205
460 446
367 497
316 448
474 496
465 259
51 119
340 305
177 215
438 349
129 419
27 461
268 318
427 4
247 376
488 366
202 457
273 466
237 238
408 118
40 132
438 432
323 411
192 316
347 429
437 118
329 118
446 160
492 457
483 205
68 221
334 233
445 18
