90 2936
449 129
383 122
353 68
214 393
75 191
322 84
19 275
184 19
416 209
171 428
364 31
318 367
282 472
39 29
325 14
69 412
395 173
464 329
303 165
139 481
356 240
158 240
163 105
326 58
419 454
54 340
445 313
406 150
252 368
221 104
451 397
461 459
65 322
242 309
206 476
427 372
248 252
273 293
131 251
125 10
108 412
438 72
98 280
117 232
24 59
94 66
305 468
471 155
277 36
143 475
333 376
215 41
263 327
163 227
467 246
244 361
417 72
47 207
440 251
348 159
44 374
11 356
166 381
137 418
196 285
415 118
413 364
83 472
119 316
136 93
14 194
72 349
347 325
90 29
476 479
479 468
365 223
176 130
122 372
296 432
102 320
200 381
499 263
489 53
197 183
408 448
359 470
31 286
258 496
146 161
