86 10409
19 332
327 124
429 464
375 1
378 278
295 360
413 298
111 280
70 328
147 75
153 422
244 55
102 427
396 196
489 88
132 273
267 397
135 407
299 117
305 72
304 225
34 395
35 274
181 452
464 18
464 332
173 316
338 123
472 328
374 60
453 207
173 271
181 238
127 203
20 151
474 53
442 370
405 226
71 396
340 269
338 248
147 244
166 233
304 377
198 301
271 113
472 491
307 326
273 163
358 250
83 445
40 102
472 17
96 185
128 12
417 64
81 489
31 358
194 270
401 86
333 397
273 94
373 272
491 368
320 112
467 376
42 44
18 369
2 408
98 125
125 98
447 149
220 259
290 49
347 446
480 400
498 371
180 252
298 374
37 499
3 437
441 368
220 62
409 24
14 141
356 471
