105 2643
61 445
348 258
492 104
245 407
403 118
111 229
233 248
252 367
121 456
50 56
298 146
224 195
10 483
252 454
176 107
324 343
180 343
130 499
116 9
248 130
313 320
294 444
97 262
139 478
466 33
354 383
409 446
261 69
102 300
78 492
451 160
44 400
19 375
12 496
388 95
485 65
403 133
98 332
386 442
193 77
368 94
275 407
209 155
87 348
371 456
176 408
16 262
78 99
14 445
385 420
19 127
178 40
82 8
247 103
10 464
314 463
73 472
136 460
109 213
70 346
329 464
410 387
68 472
319 338
124 210
341 404
188 135
230 63
379 406
266 283
410 427
209 107
314 134
9 371
447 228
198 26
432 57
133 245
366 333
403 25
229 77
428 67
68 113
110 48
41 407
190 352
320 289
480 370
10 302
2 331
378 452
171 394
372 371
443 128
227 156
339 397
161 231
149 148
243 50
412 235
236 167
330 428
336 148
350 404
471 242
