96 17321
370 365
434 160
172 100
305 22
282 416
292 411
479 128
241 14
385 430
123 281
17 40
94 117
273 32
10 462
292 312
394 193
385 392
5 69
379 101
267 245
324 454
266 70
105 235
333 297
162 379
71 280
311 155
63 216
315 19
305 91
369 465
143 478
201 118
472 54
366 359
284 128
273 202
411 56
140 34
344 70
229 486
189 134
360 143
308 263
396 157
146 396
25 145
298 431
433 431
425 300
436 479
343 100
223 320
489 230
258 296
388 242
435 43
188 186
70 373
179 416
69 136
425 247
385 421
118 462
74 187
158 50
130 487
329 127
135 464
257 322
58 388
397 232
46 403
108 397
414 332
235 270
293 99
307 420
21 231
153 95
481 362
253 251
48 296
347 14
147 271
244 151
466 323
376 442
274 408
360 95
97 145
304 189
135 326
371 239
400 464
281 111
