125 8591
298 369
372 317
116 304
317 499
422 97
391 183
443 93
331 303
1 105
444 79
237 115
75 192
278 66
140 474
222 411
328 67
200 483
481 99
350 188
495 179
120 425
242 275
459 360
148 339
110 417
367 468
289 231
13 314
123 126
231 94
355 77
411 126
266 193
106 56
173 484
230 312
424 337
319 13
259 405
129 108
457 386
254 251
391 469
334 64
44 246
241 268
67 414
432 159
468 478
255 86
116 198
153 401
268 447
113 447
32 465
293 141
18 443
482 72
360 305
457 363
370 467
274 443
229 485
368 235
109 174
98 70
434 136
238 474
324 236
370 27
117 168
143 497
263 305
442 106
23 238
147 460
132 18
492 367
421 1
82 14
397 423
24 337
103 378
454 457
477 229
228 112
269 357
445 53
269 353
487 425
170 369
295 82
172 54
39 491
203 405
236 148
469 326
457 39
215 298
66 128
250 252
321 333
160 46
385 119
269 333
114 322
2 215
437 308
26 210
46 121
237 209
276 414
499 36
212 72
443 345
207 303
238 168
276 479
474 119
298 335
225 449
110 366
444 329
209 37
295 241
