107 2315
408 458
354 392
438 85
473 126
309 366
343 130
155 225
51 267
360 275
47 433
17 443
495 424
488 104
369 350
89 476
44 312
244 146
312 67
325 104
231 5
95 470
175 433
321 262
264 157
29 110
326 484
112 39
462 8
58 211
101 107
220 349
350 452
170 397
448 108
142 139
245 263
54 402
150 157
90 309
341 178
414 94
162 442
270 99
350 48
87 133
268 353
42 288
378 5
304 176
290 2
223 413
336 361
42 492
14 118
242 177
149 282
107 225
240 345
336 144
421 243
22 413
373 163
272 205
116 298
426 57
132 498
281 178
329 350
170 150
190 87
326 182
134 141
31 260
79 470
186 75
142 285
451 274
333 113
15 20
86 158
218 479
17 253
222 345
141 168
92 74
77 87
92 115
253 301
93 191
207 73
67 89
74 25
289 130
452 1
40 433
476 145
68 87
151 489
467 48
257 306
458 247
247 330
445 304
339 111
167 131
178 478
316 473
