110 14043
158 15
128 200
196 106
198 490
453 410
168 188
183 308
46 437
270 37
394 206
238 174
406 16
360 475
218 254
292 408
26 243
128 438
423 476
468 66
343 63
460 438
438 355
424 256
423 320
82 160
264 308
402 145
418 55
92 354
168 341
50 108
417 388
13 488
188 408
136 75
74 263
100 183
138 196
29 137
22 7
224 165
465 470
245 170
426 457
252 493
386 39
204 36
402 38
453 192
163 168
57 168
27 208
280 339
45 385
440 44
203 474
464 185
351 311
338 490
49 332
142 475
103 395
59 242
495 297
139 374
398 407
274 381
452 299
77 267
486 356
114 338
106 388
179 296
439 499
67 332
12 377
56 149
125 39
241 414
422 141
146 64
214 324
345 223
388 159
485 381
99 24
464 403
453 272
270 217
463 262
276 414
402 433
432 144
365 424
363 170
23 44
261 223
189 381
494 411
389 320
358 455
72 308
280 364
390 299
199 251
286 228
276 482
324 488
282 383
411 430
