81 13655
498 62
118 49
280 332
388 39
173 492
182 14
274 313
91 151
197 123
436 89
74 316
446 363
446 453
234 139
41 8
113 75
92 306
133 409
338 87
81 169
351 225
25 430
220 218
145 348
176 239
488 42
74 356
379 347
63 181
167 224
74 111
436 432
484 103
425 411
164 376
160 72
365 41
326 183
288 388
91 156
175 59
77 163
349 484
244 160
443 4
49 118
272 251
215 378
207 62
152 368
455 463
293 429
252 206
5 179
457 361
489 409
339 480
318 217
229 218
447 242
15 280
453 50
189 131
390 138
157 106
173 301
246 166
178 371
113 236
442 191
78 198
96 169
205 469
126 487
131 426
88 74
116 348
355 406
175 106
324 229
228 275
