89 5921
183 398
467 411
113 287
172 254
390 478
259 401
353 403
41 387
266 492
453 43
292 331
161 187
480 128
169 302
248 356
342 473
368 334
29 326
27 206
274 143
180 96
159 293
90 98
456 164
463 379
9 288
160 49
444 302
85 365
459 262
121 33
53 74
285 53
170 77
469 53
467 496
306 333
415 107
148 148
386 358
413 244
10 21
472 150
444 360
224 398
181 130
430 237
300 5
260 45
63 38
41 396
330 7
302 264
33 68
430 25
173 76
83 56
200 369
198 171
472 273
309 403
156 326
161 11
243 322
165 281
93 181
401 11
88 469
27 59
148 151
49 249
395 319
104 471
187 42
146 134
30 341
274 335
207 83
103 357
130 181
311 166
205 266
217 352
306 177
322 157
14 316
340 59
415 431
113 84
