94 4264
271 363
352 252
71 331
102 482
40 491
459 479
257 45
350 350
28 117
461 480
76 386
383 191
30 401
248 385
393 255
395 286
288 249
128 4
41 263
389 7
443 143
317 213
412 23
64 444
68 229
311 170
17 167
399 327
221 127
141 461
4 84
136 173
332 161
213 23
279 459
259 147
350 81
496 340
388 134
224 39
193 10
188 4
439 262
380 201
220 168
249 147
207 139
85 405
417 437
136 87
107 123
57 137
123 457
150 72
25 458
155 441
335 176
96 232
192 436
243 160
469 445
142 129
288 69
136 153
252 6
457 115
461 121
10 194
67 489
273 395
415 63
458 426
70 497
287 291
292 84
491 391
384 302
28 285
199 379
104 292
404 360
280 263
16 272
98 314
176 264
308 190
242 274
378 225
272 304
388 231
107 323
179 22
164 306
224 245
