111 15988
307 24
466 126
180 419
236 311
73 387
384 201
227 370
252 296
411 412
144 267
233 228
143 71
460 217
115 7
7 222
393 407
124 398
75 22
193 106
458 14
177 280
467 37
216 124
281 255
255 244
491 147
401 390
197 344
306 432
152 3
471 458
139 45
493 260
3 247
328 339
281 498
435 444
422 374
88 57
255 485
412 285
82 264
175 110
413 246
197 36
319 74
387 362
249 309
351 430
252 68
230 167
277 68
404 496
179 126
428 313
417 213
94 360
216 304
441 93
15 430
287 462
51 154
399 289
315 125
430 158
201 493
207 416
342 414
354 442
24 8
259 288
457 262
32 149
452 77
479 279
35 339
338 137
116 265
161 271
264 46
470 446
192 209
366 248
488 167
329 92
402 478
374 25
312 324
151 492
42 491
170 445
395 450
390 32
142 14
117 343
78 314
283 129
55 308
20 336
153 197
294 471
146 53
15 161
196 195
297 15
124 91
73 115
179 491
152 77
309 130
144 436
