102 18605
444 18
112 237
133 118
155 234
86 55
77 148
188 23
45 343
494 90
442 141
363 466
77 226
208 489
478 312
188 117
301 166
285 402
197 234
249 410
303 34
46 442
148 50
99 342
368 262
56 413
204 275
422 42
479 405
455 142
233 34
407 26
108 157
206 311
254 306
158 450
239 214
79 206
35 364
416 488
88 18
173 217
225 479
380 194
336 199
239 349
411 256
198 481
25 352
245 312
286 402
180 149
223 287
174 442
274 198
401 361
134 328
344 292
183 394
2 341
432 203
288 474
139 118
194 332
313 482
133 10
429 439
456 194
211 34
365 107
496 316
125 136
225 470
414 154
162 469
286 99
24 52
270 354
28 396
289 469
264 239
190 221
495 495
383 20
24 286
257 479
274 274
115 96
58 128
258 496
366 340
73 380
201 276
457 258
80 203
372 404
294 91
127 117
254 488
460 149
71 9
17 29
391 244
