88 9185
234 191
215 354
127 368
175 442
450 33
278 18
337 332
315 498
329 400
410 210
263 150
477 23
66 414
269 320
73 67
5 9
462 468
206 147
89 200
159 422
5 260
330 274
369 72
309 318
93 350
486 475
344 424
482 443
175 470
223 197
475 419
160 384
448 81
378 361
278 286
283 349
323 182
41 8
334 215
3 497
64 445
472 152
474 37
382 297
496 404
160 363
339 498
426 429
209 191
39 282
215 264
128 301
152 338
34 339
336 123
228 309
413 151
253 362
241 54
227 352
401 5
441 297
260 61
226 214
402 333
160 267
94 467
373 16
250 57
307 421
83 135
56 169
52 102
243 424
286 492
52 234
342 287
289 40
82 430
154 496
194 90
458 7
354 230
249 102
54 280
399 49
145 101
383 121
