129 12991
254 247
305 2
323 14
193 300
495 394
317 22
373 34
107 11
267 98
163 481
250 165
260 199
357 66
453 153
30 371
1 204
437 358
184 219
72 245
470 438
153 336
258 447
445 50
89 436
102 456
470 382
377 203
300 92
247 365
111 256
11 379
424 20
387 396
478 138
162 367
351 290
298 306
322 269
80 1
125 314
190 199
374 127
192 113
489 111
108 359
100 46
82 297
373 169
77 205
408 53
474 384
55 222
162 178
88 417
7 27
305 171
322 404
259 425
149 27
307 263
492 423
410 35
384 491
398 235
44 86
360 262
153 45
440 224
119 310
151 458
158 82
39 116
344 60
100 331
138 431
26 191
330 414
360 228
389 117
322 452
86 122
261 238
18 62
311 285
198 218
454 34
384 66
316 223
466 141
238 108
269 19
132 196
113 168
122 465
85 223
470 50
303 307
170 234
297 358
165 145
332 452
480 65
95 57
365 329
359 123
34 14
326 460
241 301
448 56
307 212
23 20
13 328
39 105
62 119
304 53
75 172
474 421
464 350
164 252
460 459
182 258
425 170
385 449
215 23
113 187
164 127
436 478
327 24
390 488
