68 10118
127 314
236 389
26 110
429 374
171 494
138 341
446 189
232 387
295 165
387 126
444 18
122 365
365 169
324 496
414 347
488 193
406 168
192 190
416 324
38 351
349 219
77 465
93 451
453 449
401 492
206 73
343 82
17 432
136 102
34 375
266 475
248 394
214 95
211 146
6 88
391 115
460 395
359 261
229 476
483 178
323 250
202 22
477 412
267 44
13 226
327 42
174 23
70 163
178 419
109 73
456 17
296 200
407 466
136 220
159 484
118 38
259 483
399 231
461 327
229 491
350 65
186 377
452 153
261 270
145 29
269 414
81 485
95 478
