78 19074
350 36
167 319
284 452
89 71
496 431
58 248
205 197
355 255
359 179
10 409
447 415
125 128
24 378
496 72
75 11
484 332
235 45
486 54
297 124
329 214
499 338
244 311
10 441
225 133
74 112
257 296
294 443
392 176
429 146
387 297
489 173
167 185
7 495
327 381
160 171
32 102
132 462
59 223
253 271
281 409
421 200
160 455
364 309
49 200
434 255
397 412
327 58
190 279
471 204
175 278
400 365
101 42
89 121
105 275
80 89
215 165
497 373
229 244
459 475
81 206
348 43
22 4
408 34
472 77
473 215
359 209
462 88
242 42
273 368
55 195
383 359
34 371
77 378
473 106
49 127
235 357
55 1
41 163
