108 11453
206 231
310 230
295 214
122 386
182 15
45 110
267 471
321 426
434 25
411 183
381 486
227 335
447 63
242 162
151 149
286 384
243 477
229 252
490 279
10 377
353 76
132 265
245 62
395 259
438 304
135 449
456 277
169 498
338 462
230 440
153 410
322 319
87 130
444 473
362 330
492 211
99 67
404 455
229 18
342 365
267 342
280 59
429 110
314 53
127 319
425 132
224 445
286 475
388 102
196 145
84 2
348 472
356 239
415 86
305 349
297 7
137 270
73 151
171 191
89 296
205 298
432 218
295 82
90 464
48 237
302 337
480 112
254 408
495 217
498 125
3 6
481 437
197 279
294 14
141 335
463 476
379 477
17 111
307 352
246 267
230 206
126 59
353 103
191 282
476 331
180 489
421 81
101 215
317 75
449 179
361 167
373 364
45 335
341 149
242 216
193 98
393 384
54 248
119 311
175 343
135 260
178 378
23 47
426 338
335 362
463 29
205 422
226 100
