134 5263
133 236
329 279
437 487
333 309
296 492
292 160
58 272
268 360
410 185
360 392
243 72
115 56
150 418
229 235
447 213
212 492
252 174
180 295
277 371
32 475
455 33
65 282
439 206
161 412
208 8
467 28
399 2
210 425
116 390
325 273
55 112
228 454
111 261
410 316
138 162
103 84
446 86
319 172
295 435
284 381
495 404
412 46
184 79
198 82
254 427
21 10
31 420
486 156
294 65
383 223
224 132
12 450
253 290
360 253
431 191
443 261
496 465
383 163
133 216
133 461
82 193
199 261
58 66
404 306
423 200
209 79
221 436
206 101
86 383
59 407
148 440
378 393
176 272
234 49
490 408
298 431
445 6
185 342
220 58
158 449
369 246
363 24
298 490
58 437
91 294
12 223
63 382
333 418
191 280
130 60
251 105
294 416
260 278
114 109
381 355
443 60
282 302
497 431
68 316
474 444
34 102
233 265
294 432
99 39
141 370
132 423
101 379
428 341
412 202
409 186
374 187
464 231
130 344
190 155
179 325
298 27
39 349
404 289
46 49
176 139
188 351
96 399
268 200
442 465
186 55
62 279
442 370
88 103
277 395
97 240
372 326
77 93
23 426
211 183
