135 9550
144 220
59 54
459 114
287 64
456 479
415 384
430 474
214 197
32 99
238 437
62 282
341 51
6 327
28 88
179 462
333 11
473 457
401 179
62 114
431 232
358 387
453 253
135 466
47 429
239 152
42 53
1 21
145 385
305 495
445 20
383 244
489 230
386 157
238 70
97 429
390 221
145 129
122 377
34 181
104 226
219 481
57 48
383 467
201 50
317 255
8 284
91 112
275 86
460 409
165 200
143 232
250 464
422 326
81 176
44 414
61 441
132 293
329 137
25 335
217 178
274 49
339 60
429 171
58 400
34 413
98 82
74 330
36 217
119 98
281 257
315 434
180 112
161 106
353 32
484 139
392 417
227 307
353 102
143 377
331 98
42 124
119 463
114 15
355 192
11 494
370 139
226 170
2 275
293 170
477 455
333 90
264 202
39 200
103 252
7 311
123 448
360 466
393 354
279 126
444 381
419 178
280 349
281 166
289 422
420 65
98 28
477 181
452 294
243 481
430 225
308 349
190 86
77 479
30 33
85 479
393 233
303 243
351 233
407 261
151 14
186 146
283 351
156 384
117 73
100 408
41 481
156 145
488 465
207 448
419 211
189 214
210 127
432 409
311 221
337 152
