85 17401
85 339
400 104
179 146
480 143
245 173
322 447
234 65
23 188
139 288
292 334
17 130
20 235
95 313
194 202
385 233
258 442
219 158
155 248
110 240
345 146
100 61
272 14
49 403
33 249
410 217
151 77
314 417
319 476
202 293
371 9
238 32
210 393
136 181
469 173
64 85
430 132
230 314
474 274
445 328
292 128
449 218
265 147
226 137
68 373
329 187
179 303
282 191
400 343
11 319
395 89
41 117
308 476
117 412
480 188
48 389
370 240
41 268
490 445
196 150
392 129
446 206
273 479
211 425
311 227
3 409
74 67
100 319
1 89
338 257
451 325
262 132
375 194
202 189
479 308
237 362
40 436
193 457
14 439
197 331
268 299
364 381
50 161
457 444
288 133
208 142
