127 10393
232 156
315 171
291 353
41 164
271 186
497 55
289 25
418 276
152 156
194 126
74 462
289 162
421 421
286 333
287 50
271 311
83 402
294 221
233 288
395 337
467 233
261 148
294 122
35 213
7 413
359 336
310 438
161 60
334 114
303 426
450 458
28 60
175 260
120 84
403 9
232 104
234 199
122 457
207 434
270 367
407 197
144 201
407 21
94 235
469 446
66 373
117 264
59 16
303 5
143 260
311 395
389 139
471 218
159 98
102 497
41 56
357 180
132 405
366 475
362 433
57 256
306 162
58 308
183 365
100 115
444 1
214 142
208 322
104 211
454 58
109 112
438 352
45 249
298 352
82 287
276 317
136 206
335 397
56 113
488 198
248 41
316 374
308 382
102 159
387 8
252 451
444 387
455 19
349 25
80 308
192 495
173 431
497 339
417 18
158 419
203 214
254 167
73 425
384 1
128 115
348 485
351 30
338 9
469 205
166 139
61 244
318 439
263 50
370 22
39 224
449 347
183 298
267 80
422 250
489 229
253 234
217 209
188 73
455 329
301 389
50 272
395 257
128 138
434 162
85 303
481 192
456 487
