95 12188
1 270
352 56
465 468
175 36
221 35
162 399
351 461
37 450
209 139
284 398
492 102
363 393
472 259
352 301
157 188
407 356
198 43
252 14
189 144
495 360
179 7
230 12
222 185
137 104
79 304
396 424
394 460
269 154
194 71
392 318
267 345
82 365
118 435
417 294
93 3
314 462
136 324
285 71
156 71
377 146
334 266
458 113
411 479
12 52
93 128
326 142
17 89
199 477
406 113
34 272
153 286
298 334
351 132
359 391
330 137
132 421
257 74
229 460
85 250
79 143
211 123
32 478
8 140
469 26
20 299
264 233
36 260
194 94
281 34
421 80
324 71
249 324
349 355
247 297
220 88
170 225
47 51
13 346
383 311
230 268
448 28
68 440
140 322
132 320
482 124
166 130
439 81
123 155
256 63
327 296
9 323
273 247
294 412
419 80
341 483
