122 16707
113 433
61 277
46 35
160 89
431 477
202 201
336 413
475 160
453 298
370 375
190 355
401 365
198 99
495 383
152 68
342 483
403 71
422 163
104 288
361 229
447 334
424 71
160 399
16 7
499 91
278 244
159 242
283 23
406 150
130 490
161 204
105 93
261 439
30 360
120 461
403 70
313 56
419 343
3 38
48 60
73 341
334 78
278 65
150 164
44 478
29 74
216 294
52 249
380 408
124 350
158 448
492 468
238 387
444 81
211 49
396 392
407 402
193 336
269 197
467 47
357 338
423 188
395 184
92 137
330 394
217 139
226 139
262 301
147 115
491 141
286 111
314 152
463 124
317 182
149 385
13 209
124 107
370 144
416 82
204 359
201 215
268 220
289 148
27 245
196 5
470 223
6 70
374 345
346 279
420 236
355 387
411 212
190 122
437 174
48 168
131 28
498 176
141 315
342 301
15 274
184 26
295 399
192 207
494 386
215 146
185 18
240 347
94 133
232 429
222 403
211 48
134 316
493 134
104 331
437 446
275 350
371 478
1 217
67 161
431 329
373 56
117 29
