98 14476
426 78
252 222
71 220
181 301
52 49
230 317
337 441
58 429
43 183
458 135
42 17
336 44
236 202
92 137
84 35
115 188
355 184
42 86
245 105
337 126
261 440
145 397
452 129
403 388
405 200
443 455
63 51
470 92
234 368
265 444
321 408
82 412
204 254
403 311
39 448
265 232
119 153
455 194
73 397
119 35
474 383
54 288
445 354
183 381
375 475
248 193
443 125
82 316
486 191
351 279
414 377
53 347
163 425
53 36
390 233
76 256
460 318
179 208
63 130
141 110
386 279
254 45
487 9
101 154
264 416
147 193
136 429
327 153
227 62
337 484
451 489
397 115
61 486
472 117
49 436
286 492
216 1
490 253
410 409
170 57
190 417
112 46
365 197
391 251
237 130
232 363
366 457
249 454
468 348
477 344
278 133
397 131
406 68
32 369
83 481
259 288
326 463
453 478
