101 17399
398 383
187 109
306 114
20 24
240 477
384 75
157 383
379 390
274 324
333 236
86 204
172 296
112 449
422 338
114 259
303 494
403 456
168 238
279 363
473 225
482 80
471 92
1 98
238 241
222 437
301 161
286 184
496 443
439 187
3 1
407 424
282 147
18 191
177 171
175 155
450 394
317 323
254 140
236 275
34 425
186 361
490 308
371 290
345 136
497 9
416 105
201 8
75 70
119 41
148 26
221 468
33 406
175 460
157 13
365 123
163 388
8 334
375 65
445 119
174 188
295 293
406 493
487 375
281 53
66 51
383 30
468 379
71 149
492 67
373 466
91 21
6 139
477 368
118 451
76 354
72 14
203 32
88 423
48 155
273 445
327 20
235 376
452 140
498 357
31 264
299 105
187 330
374 21
238 459
444 223
390 374
26 149
168 93
494 477
48 137
379 206
231 12
206 81
477 466
298 203
163 87
