74 5641
247 284
71 259
26 435
203 93
237 118
155 103
94 436
133 357
254 13
337 158
471 67
239 201
141 185
157 291
17 201
474 85
4 93
342 77
148 222
473 116
127 131
268 470
77 167
218 78
137 372
105 428
286 28
24 1
291 53
480 128
418 349
354 14
218 69
166 190
84 460
68 498
395 424
499 239
169 112
113 55
420 101
37 467
99 377
423 95
395 477
299 88
35 392
265 386
251 441
378 13
153 443
1 103
301 288
172 255
36 336
308 317
202 105
88 390
173 68
274 174
455 252
138 433
235 243
255 377
315 275
438 161
409 278
387 479
186 35
64 160
407 228
398 213
468 163
158 25
