130 12153
109 51
391 493
157 130
43 22
207 94
455 245
198 158
29 201
192 483
267 327
43 329
499 40
35 93
123 455
117 98
67 172
221 220
482 438
394 356
217 47
350 160
4 109
176 212
131 111
244 477
112 44
276 122
144 303
52 402
475 316
20 12
8 466
256 229
350 105
472 342
471 448
142 131
34 95
469 74
459 5
432 413
169 398
26 83
79 212
469 367
33 83
31 227
295 214
347 201
170 498
204 420
392 93
292 32
159 267
392 54
417 435
446 19
314 272
26 270
181 450
468 164
494 309
206 464
154 263
331 454
149 257
153 163
25 40
287 193
405 90
8 270
254 29
46 255
262 257
342 53
19 151
390 257
331 313
184 19
329 386
10 190
145 295
444 205
70 161
264 71
203 38
354 32
440 91
408 477
180 76
299 147
408 358
366 66
85 293
223 453
217 433
277 29
493 402
427 292
299 383
1 132
321 419
203 364
384 357
216 154
282 385
406 279
341 229
108 290
437 120
128 102
342 84
359 325
431 465
146 102
376 55
434 66
479 1
359 315
321 255
174 212
453 389
149 172
177 290
245 466
288 218
384 203
171 3
437 254
414 475
