116 16523
52 97
350 143
281 171
48 379
120 393
238 40
389 19
95 305
404 60
395 133
426 349
234 122
104 418
440 362
367 276
400 112
479 151
250 425
341 94
285 367
228 441
381 410
310 75
402 149
312 405
137 94
472 188
302 77
248 227
304 191
289 269
171 440
30 253
331 463
342 158
325 157
64 65
293 38
344 371
451 475
28 423
303 66
32 87
462 343
241 113
133 145
327 248
274 6
135 488
346 356
380 141
159 464
34 178
109 451
231 291
277 76
250 331
18 284
499 343
185 282
237 358
111 445
267 151
110 325
9 84
40 306
93 11
332 83
195 276
106 185
475 86
134 258
71 252
145 28
116 41
298 406
367 36
190 416
250 422
268 376
5 213
103 239
233 47
124 13
105 207
361 152
403 137
8 372
279 401
354 236
375 467
499 197
416 355
394 384
233 328
430 453
390 372
445 290
468 249
51 388
167 160
265 305
300 157
149 169
254 35
106 210
453 206
304 410
384 384
313 117
253 41
48 291
180 61
414 16
367 64
439 22
