104 19948
338 331
228 372
298 53
13 197
487 18
74 216
2 245
204 197
64 58
128 341
449 451
354 23
483 33
65 288
272 18
485 194
50 13
34 463
42 401
155 239
453 272
122 429
135 392
406 241
38 394
4 100
327 490
215 248
35 64
107 4
11 139
22 113
37 120
256 364
390 465
258 278
443 300
430 398
365 17
338 74
424 182
123 179
461 238
309 459
304 167
237 27
74 85
367 4
257 6
170 430
398 175
16 209
102 205
229 403
219 142
125 163
467 265
410 249
84 290
424 462
255 254
391 5
67 483
363 455
177 74
253 306
169 92
189 375
100 381
395 488
396 53
203 408
153 342
437 353
37 207
355 407
414 414
305 92
374 62
326 22
186 310
40 128
348 135
246 143
410 440
30 120
381 38
67 353
419 175
493 160
115 79
301 330
148 218
280 453
488 277
137 303
10 199
36 67
447 426
296 469
415 397
24 112
38 96
399 449
