117 2528
223 328
391 239
348 277
357 132
312 225
452 99
464 435
283 137
423 388
251 387
73 356
223 114
85 154
332 491
53 178
67 221
194 397
215 113
236 129
186 230
232 342
119 22
382 499
243 199
366 328
242 17
281 367
449 116
271 399
218 264
419 95
350 154
52 318
146 204
131 441
480 493
201 425
313 480
183 466
421 265
148 277
86 255
91 25
414 321
357 270
419 300
251 401
128 245
281 89
484 209
64 114
118 434
272 244
259 229
130 381
344 51
458 285
466 3
421 499
415 289
254 180
165 258
317 420
76 123
329 237
196 168
181 41
456 82
79 413
287 267
440 108
474 472
231 338
418 78
448 251
49 335
445 112
309 316
493 210
108 220
420 265
31 59
100 6
90 348
26 179
470 9
308 124
394 358
254 126
183 208
389 463
417 200
383 489
4 100
43 372
308 499
304 168
51 36
114 72
7 382
113 245
397 383
178 66
354 320
43 243
130 142
104 13
276 128
362 191
343 100
349 109
262 234
53 57
262 5
447 179
218 104
146 484
