67 4932
449 406
169 217
17 498
359 82
330 12
146 198
374 211
217 261
441 316
225 18
498 376
230 209
249 27
345 1
487 238
243 391
20 55
460 291
40 231
120 331
475 156
62 384
313 137
52 210
85 393
43 259
194 346
396 388
79 191
267 127
42 284
14 334
257 142
5 428
217 310
489 139
35 103
172 381
427 325
28 37
167 219
284 105
365 102
470 40
223 481
141 30
118 396
339 12
438 44
233 462
190 380
46 90
326 156
122 370
91 251
305 286
178 43
399 213
26 430
145 5
87 151
216 222
248 259
493 144
437 437
285 50
427 435
