133 7203
397 24
206 90
216 492
396 216
344 440
78 475
252 395
29 344
347 190
393 134
64 279
454 206
41 413
119 40
490 377
77 40
307 423
51 479
344 15
484 4
264 297
9 105
493 72
408 290
62 349
331 82
12 463
35 153
234 304
27 29
343 264
180 375
259 189
329 441
21 392
248 92
123 65
222 325
184 428
294 139
18 384
153 38
143 16
337 443
407 27
85 118
365 322
341 162
232 48
488 389
310 107
260 252
460 113
88 494
434 325
429 438
354 412
344 177
93 400
33 119
214 179
307 97
487 157
162 272
160 10
36 91
313 82
214 285
50 474
458 96
339 435
165 354
298 283
466 489
118 295
191 18
159 37
112 42
22 340
151 43
80 339
338 19
118 82
135 228
252 424
189 53
156 239
49 426
417 456
160 302
79 50
232 190
356 211
44 244
279 8
461 457
257 293
468 301
20 404
3 431
98 484
265 124
285 343
34 428
426 288
33 353
374 397
408 115
254 118
73 383
303 296
52 142
31 371
410 425
346 397
217 207
320 427
101 154
338 219
91 255
206 103
163 131
292 410
28 457
139 73
83 360
409 57
341 122
130 481
240 227
346 390
317 405
384 20
