72 14149
396 418
55 305
304 345
274 290
121 435
393 423
248 231
108 31
389 138
40 499
255 421
409 320
12 272
99 472
422 18
169 198
396 157
427 324
441 197
342 432
107 354
186 162
250 174
494 6
72 498
100 140
441 196
7 472
196 369
270 241
369 186
245 341
221 230
113 70
144 301
497 241
276 223
433 271
499 359
339 406
350 206
199 126
42 157
195 369
83 85
26 482
13 297
296 142
211 404
73 456
253 361
39 67
182 210
63 274
62 109
271 477
12 73
188 456
134 189
171 281
156 384
344 416
156 482
307 310
383 398
329 106
362 168
381 417
59 48
366 180
14 437
263 491
