83 4934
52 178
478 190
27 249
405 373
63 478
487 26
58 388
52 3
333 401
465 444
440 317
65 429
109 87
372 169
359 128
316 377
296 237
101 284
206 428
296 229
483 166
153 470
41 109
206 337
58 227
70 485
249 204
78 305
446 26
336 388
449 424
156 493
402 169
418 389
106 384
140 341
61 321
83 471
159 105
96 173
411 279
99 5
308 477
82 210
301 27
495 274
384 289
20 111
10 359
245 52
390 255
82 203
38 441
425 356
342 88
437 444
233 171
155 449
118 339
106 414
232 71
167 361
204 257
488 411
274 267
212 394
129 435
440 100
379 211
156 321
127 88
330 115
216 297
322 346
385 327
391 227
87 149
440 383
167 317
386 39
267 53
25 172
211 9
