140 10653
216 497
294 139
153 202
493 481
492 391
50 260
453 122
234 164
345 422
273 459
235 138
156 13
300 151
286 283
294 418
349 36
236 113
289 130
251 119
270 46
205 71
210 313
133 326
353 348
70 353
409 71
494 307
145 425
310 191
51 230
376 440
154 411
292 135
238 279
206 233
336 213
25 362
245 336
417 253
70 211
226 483
248 352
337 304
323 328
398 71
20 366
291 56
188 306
142 430
108 232
4 242
464 386
33 102
41 471
333 253
383 443
119 181
346 202
394 232
246 148
460 383
248 207
162 342
372 341
111 342
176 48
2 214
175 354
39 158
301 336
445 329
394 384
300 119
215 188
442 211
423 458
125 128
278 323
180 396
105 483
70 185
114 340
303 60
235 302
307 227
96 331
46 482
489 13
26 418
246 10
394 108
256 345
9 350
414 298
316 474
434 315
127 256
251 34
393 442
51 494
77 191
305 386
181 207
274 22
105 410
77 297
452 71
29 205
135 18
460 336
3 220
490 78
204 112
23 27
371 347
194 368
331 234
153 75
487 29
324 409
424 285
200 144
64 481
394 485
180 268
475 83
234 292
132 475
195 20
484 49
152 141
357 105
207 1
344 361
460 314
440 450
336 87
137 467
314 404
421 487
