70 529
193 28
92 339
419 77
357 417
58 334
278 69
415 145
280 209
109 306
96 21
299 190
200 57
92 107
169 346
261 14
187 371
157 180
263 221
480 412
371 353
453 432
232 313
351 7
74 40
28 92
338 132
245 9
329 322
201 256
391 187
8 400
183 152
477 168
373 406
465 159
114 109
155 347
315 218
99 369
496 402
395 248
82 255
218 112
45 425
307 168
498 51
348 183
77 88
256 382
8 455
83 429
456 75
349 14
155 56
225 160
341 499
219 216
55 311
283 352
3 346
310 287
5 329
217 263
103 396
489 60
373 463
424 214
232 306
245 179
179 122
