77 8410
138 301
139 422
50 414
333 386
84 75
304 437
494 374
446 471
20 217
328 61
106 289
192 62
7 99
334 205
285 323
272 2
361 136
70 182
198 122
296 2
125 120
349 362
107 478
205 458
365 254
412 209
277 39
279 360
246 369
316 138
228 339
409 183
289 375
52 481
115 351
497 71
235 276
281 234
62 359
268 432
491 191
493 315
496 447
289 252
227 2
384 466
20 145
230 171
285 198
18 443
27 168
343 241
185 174
411 119
221 103
95 17
111 237
236 128
87 131
499 388
77 277
62 164
193 461
327 143
333 337
37 293
27 290
172 360
177 81
167 394
209 2
98 335
107 26
156 310
309 447
386 433
195 497
