137 2022
341 12
140 75
256 269
4 7
414 278
423 314
288 45
239 274
121 125
47 268
163 63
345 395
478 497
23 472
1 460
156 471
134 420
390 296
281 247
224 372
65 230
29 460
458 316
19 177
125 327
51 447
250 452
50 352
316 265
439 217
78 364
361 309
302 94
235 457
27 314
79 285
215 449
55 384
394 192
122 94
175 271
60 272
84 477
406 232
431 38
310 372
24 87
428 269
362 25
467 69
8 440
317 414
132 4
186 224
97 131
474 454
180 207
391 95
278 38
283 23
345 419
295 247
474 126
309 364
189 271
167 483
386 304
266 267
432 316
82 51
420 477
474 457
273 157
153 412
392 116
438 444
402 153
204 361
494 291
278 409
360 295
343 456
150 2
322 101
319 447
103 29
29 115
413 267
294 423
148 15
163 243
311 22
219 483
477 76
218 445
299 241
95 387
397 351
347 425
389 150
314 263
241 409
468 249
48 415
155 77
274 303
126 309
43 92
274 263
171 59
32 78
353 248
26 426
221 6
170 86
284 258
343 386
11 34
441 33
110 185
374 241
85 247
83 284
96 18
138 212
127 134
59 382
455 67
363 59
328 298
478 498
95 418
19 86
417 481
422 293
193 61
249 164
