106 18541
352 232
71 192
478 114
279 323
457 154
394 437
159 114
34 2
210 174
43 405
342 115
118 306
276 122
158 289
230 202
496 40
209 431
443 97
421 217
292 106
197 128
303 185
314 444
263 13
311 30
263 443
211 170
409 50
15 183
257 327
291 112
49 280
321 188
162 444
59 482
366 75
63 272
243 196
367 412
344 496
156 276
314 301
471 357
439 40
384 382
433 11
345 420
224 44
88 425
235 452
85 350
238 495
431 213
372 150
155 305
448 146
439 412
97 38
359 359
12 481
100 14
120 454
235 449
361 448
351 259
137 379
65 340
464 386
407 239
66 322
295 386
253 409
475 85
48 354
484 451
366 284
383 218
198 322
120 479
261 116
110 39
112 306
324 466
311 190
94 181
15 238
325 428
246 395
51 393
202 82
186 219
331 474
357 418
462 298
406 110
313 235
226 10
441 22
319 234
7 358
63 329
424 262
175 439
275 448
269 83
393 459
