131 12086
275 125
391 430
301 199
342 279
242 92
15 213
295 477
358 366
162 288
134 386
362 196
323 176
360 405
327 445
102 17
79 183
382 75
132 188
468 446
119 280
371 216
52 131
458 184
13 104
191 197
291 124
471 362
38 394
1 414
139 487
492 172
342 352
423 180
23 469
435 22
47 96
483 482
434 242
309 221
90 134
326 440
469 175
292 316
50 69
126 394
134 29
495 120
119 330
314 304
400 252
345 392
57 224
152 309
76 128
358 103
482 199
12 32
5 129
102 128
32 66
314 330
366 453
298 485
361 337
56 290
373 145
224 106
176 393
26 70
150 338
137 100
197 295
23 144
220 468
371 395
302 236
447 172
278 288
223 367
48 362
83 150
9 413
357 44
135 491
440 80
144 69
346 382
318 68
204 142
291 296
434 191
41 323
133 209
118 106
40 258
4 243
62 402
466 398
350 421
461 3
201 397
133 368
441 240
58 223
365 200
29 287
92 406
281 314
389 219
316 297
474 189
78 13
249 224
436 67
114 138
266 133
115 165
208 106
260 24
182 388
465 249
69 396
269 290
243 275
17 103
475 405
203 407
15 396
459 494
276 345
258 241
