126 5201
318 408
159 255
238 331
377 83
94 453
446 81
180 47
71 472
287 2
205 45
363 403
109 338
356 86
247 203
222 356
429 344
88 459
68 340
245 465
101 315
135 385
283 236
241 196
357 457
142 62
453 8
440 478
120 465
241 68
435 407
122 248
378 37
341 230
325 166
378 140
101 354
31 141
297 371
323 212
392 339
289 394
332 469
13 421
149 26
356 95
407 385
256 65
94 105
212 355
405 471
2 408
114 451
497 329
22 438
244 230
340 151
491 55
281 483
187 423
382 9
266 134
311 315
499 57
424 207
316 236
109 348
61 340
42 444
450 138
282 352
21 22
296 181
104 258
403 337
410 303
140 477
14 364
389 466
36 194
493 178
138 450
398 366
426 427
272 265
77 197
171 410
446 361
238 455
262 63
109 416
127 269
476 453
49 356
401 120
406 245
332 385
422 490
334 442
234 108
427 495
339 488
107 13
92 213
388 497
70 413
354 436
455 375
59 232
121 430
233 444
222 10
118 33
39 456
237 409
84 238
73 379
483 41
295 149
207 163
62 257
496 141
435 294
490 184
67 491
219 182
41 351
