75 11495
142 28
146 255
369 69
255 437
241 153
98 238
149 180
388 364
206 463
497 222
486 487
143 79
26 317
310 319
467 19
160 353
412 245
123 477
432 120
388 251
12 327
119 74
242 487
234 205
234 109
105 407
325 240
400 83
300 296
208 73
450 121
451 160
352 481
213 135
328 92
210 49
129 257
453 131
313 8
159 353
378 389
413 81
315 83
309 192
81 82
381 494
455 466
40 366
61 94
100 466
342 229
83 129
456 458
84 92
493 380
247 398
214 132
119 6
264 272
207 134
223 156
128 459
129 261
106 272
92 367
238 11
248 235
326 195
304 389
134 41
355 192
294 463
284 281
187 102
308 255
