92 2401
196 348
286 412
114 491
81 286
63 103
188 116
343 383
327 127
45 170
301 283
488 73
129 449
185 220
462 481
365 17
468 429
56 434
280 36
9 416
254 231
309 316
338 312
4 359
272 15
298 357
306 207
83 182
386 368
130 66
94 419
87 280
253 327
475 263
107 396
356 296
164 447
13 236
71 261
51 126
172 322
117 430
136 368
115 275
408 72
360 23
398 195
5 28
387 109
332 213
277 142
89 337
379 34
321 22
394 87
364 354
431 140
152 30
364 409
287 412
410 153
365 122
41 110
400 323
358 433
361 217
13 9
210 284
67 67
197 396
214 26
497 107
249 296
457 341
96 452
74 135
333 214
66 300
34 213
372 398
292 46
376 54
468 334
38 92
258 375
93 360
28 243
92 132
462 291
424 144
290 126
277 2
201 73
