112 8460
53 171
79 275
419 61
411 293
154 363
477 270
443 14
299 458
351 196
367 487
360 417
152 53
403 495
393 307
43 240
57 144
81 262
233 204
376 390
370 340
127 39
251 461
223 419
494 6
168 330
118 250
13 33
48 377
268 434
272 1
235 107
444 251
50 317
11 158
480 240
338 375
173 319
409 117
54 295
122 222
185 119
487 262
178 342
364 160
295 379
120 142
239 441
238 100
389 372
264 36
216 13
252 27
492 291
470 120
124 226
194 75
376 144
57 386
293 34
358 308
497 291
81 83
177 384
300 185
44 218
91 395
60 282
264 24
84 369
14 20
421 293
137 141
481 415
419 330
151 122
257 443
346 208
43 174
155 233
14 181
463 107
325 311
310 241
248 64
107 208
222 375
146 34
464 444
438 144
498 262
386 140
486 66
74 323
185 310
97 143
378 62
126 314
352 307
347 205
390 346
176 72
87 496
309 454
264 24
212 220
81 10
60 305
232 68
259 336
320 485
19 335
37 382
