97 5879
459 263
273 487
342 50
361 493
441 193
357 147
402 291
437 498
476 22
151 373
359 201
467 160
421 142
318 268
127 44
152 270
404 372
261 475
398 489
471 429
404 483
98 467
21 416
122 208
85 14
475 38
487 76
105 50
310 105
215 451
412 130
386 101
137 428
256 71
61 225
393 363
334 389
386 106
436 398
369 350
292 94
95 251
129 148
433 100
132 282
216 363
361 349
145 140
289 264
417 221
48 360
206 427
408 299
147 30
223 333
323 239
222 284
425 246
265 24
117 333
255 413
103 420
331 448
76 86
147 338
113 490
155 83
235 371
83 137
260 465
167 347
474 422
162 225
126 5
157 317
221 106
445 277
393 239
435 196
146 334
78 156
131 89
80 134
88 66
267 217
218 34
427 104
250 138
462 56
428 167
340 217
133 271
374 106
418 166
303 315
481 162
318 464
