84 2407
412 416
89 284
395 31
272 308
306 383
243 11
45 348
250 233
44 300
167 488
341 278
266 236
105 163
60 420
131 186
47 447
184 309
444 111
74 204
394 268
291 366
327 370
121 260
42 366
323 351
201 277
241 422
284 346
110 60
17 3
130 385
110 107
307 392
417 182
64 4
364 141
82 125
40 244
298 406
324 253
372 48
370 24
225 331
125 446
293 467
191 75
66 228
175 140
104 151
262 184
94 349
300 376
293 167
229 474
130 343
267 226
456 19
225 38
310 414
125 83
193 264
132 220
128 464
165 23
207 29
27 276
107 81
356 58
163 120
163 44
82 304
423 174
209 68
234 416
336 171
95 146
375 383
396 395
305 463
134 199
399 110
205 63
170 418
153 145
