139 3709
243 38
203 482
413 269
433 223
225 56
108 112
44 186
347 443
418 116
309 416
314 164
146 10
223 345
275 399
402 299
360 115
116 355
425 286
267 192
136 371
214 467
332 104
181 274
335 236
47 264
249 203
105 5
231 275
279 286
126 178
31 496
182 142
495 159
207 463
96 33
23 268
258 83
301 227
327 266
176 166
362 358
315 353
316 102
254 403
483 402
405 346
157 268
452 57
250 27
50 130
311 162
270 155
378 228
372 14
254 499
183 271
499 381
202 333
90 206
81 340
425 77
292 367
240 7
154 128
349 161
458 325
82 462
314 361
67 368
348 190
76 134
74 44
317 40
39 431
334 314
419 415
24 415
96 257
181 209
182 140
85 291
67 380
69 377
166 269
493 97
185 30
332 254
268 187
387 95
131 218
382 23
54 451
136 274
248 277
377 75
367 299
167 1
69 146
353 220
151 220
392 149
145 369
361 401
347 128
198 316
124 491
284 207
239 17
464 443
249 247
142 444
215 344
179 243
375 196
103 419
362 387
444 220
89 493
94 444
233 415
432 15
334 95
458 262
105 436
334 251
57 30
328 206
63 18
355 304
251 171
486 47
34 147
394 256
118 401
90 99
150 315
495 456
87 290
366 174
