69 9839
473 469
121 199
417 169
267 143
152 490
117 348
294 33
225 81
321 306
253 41
77 219
188 34
179 215
340 294
37 274
120 198
450 146
242 81
136 417
489 158
333 197
217 69
189 206
352 269
189 257
95 2
90 362
315 432
452 30
259 250
279 330
124 113
372 4
257 471
462 100
401 271
167 59
123 153
289 193
10 248
425 216
187 352
11 244
406 418
429 447
323 339
190 484
22 166
149 393
39 49
464 408
312 410
253 89
58 486
53 46
218 64
447 398
449 416
310 204
417 80
406 163
364 115
117 217
14 14
182 128
375 205
306 347
403 33
123 414
