93 9038
399 141
325 74
230 493
113 408
62 135
213 126
310 127
366 98
86 140
392 5
397 338
438 268
85 428
234 75
212 18
229 436
69 14
157 147
361 358
450 220
381 276
101 464
347 228
340 453
268 305
414 388
462 276
472 173
264 453
467 72
31 427
39 188
134 248
218 183
182 413
145 308
326 374
320 216
114 163
370 455
49 281
26 73
310 135
403 72
366 273
495 205
93 410
13 296
67 425
16 307
126 143
248 22
460 430
71 240
420 424
374 82
448 7
281 37
452 470
472 1
67 446
372 277
105 288
242 471
478 335
46 251
208 456
268 64
60 301
307 224
324 115
78 22
332 41
124 294
271 402
385 140
154 477
404 34
431 283
299 265
129 208
322 269
2 349
366 292
469 482
180 4
25 70
361 92
418 297
436 249
382 330
48 456
3 129
