91 16637
242 495
173 193
317 249
365 329
334 188
125 485
392 241
148 346
280 204
322 494
230 332
176 169
481 181
102 258
30 462
42 174
260 108
367 43
445 489
324 94
60 435
355 164
296 141
384 111
111 183
297 58
121 325
77 210
85 403
211 265
45 273
217 263
46 97
192 102
43 22
12 389
433 352
227 366
156 11
27 255
105 304
133 358
229 249
310 431
60 367
158 274
85 270
396 279
312 494
257 372
391 452
458 277
334 127
489 318
18 45
199 158
295 130
429 487
370 225
205 489
1 474
175 224
142 202
177 98
52 227
45 386
65 336
172 393
355 194
98 222
37 287
374 255
11 195
85 266
6 165
283 280
61 7
237 202
116 318
104 385
362 302
488 312
359 226
162 309
293 117
120 232
251 456
288 96
260 134
32 184
410 431
