100 2210
486 342
145 33
457 38
134 330
413 303
73 322
406 35
139 324
304 157
117 228
113 423
336 396
236 379
56 322
188 433
290 363
28 15
72 365
1 171
151 463
71 461
111 488
487 229
25 133
106 88
367 351
385 336
256 193
345 358
196 60
244 85
432 254
204 420
52 437
352 276
373 24
281 271
41 427
491 1
366 144
439 357
81 123
83 208
190 443
270 328
24 212
433 105
367 405
437 318
323 92
386 480
401 380
340 232
314 410
437 25
117 8
83 353
456 245
284 443
187 94
73 234
242 81
50 341
395 88
78 491
190 348
310 33
237 223
393 31
311 71
297 66
337 19
475 277
185 12
78 53
107 471
162 435
190 63
434 242
119 383
138 2
301 314
155 448
205 360
193 375
149 123
312 238
495 363
470 386
213 331
385 353
82 220
61 451
238 470
329 395
341 396
314 115
431 288
473 439
340 101
