124 17401
416 74
163 259
80 54
48 418
64 189
380 425
242 121
482 330
53 281
179 198
358 1
184 370
485 374
396 272
355 455
361 432
346 275
499 417
361 21
275 5
299 332
49 41
449 174
46 276
381 419
264 469
428 421
358 50
141 359
397 232
228 106
306 378
298 459
228 200
276 279
307 333
447 196
354 242
5 335
443 216
166 121
104 277
370 171
219 443
400 222
449 51
38 469
59 158
122 377
436 218
143 414
468 285
293 76
42 358
483 90
96 119
151 226
348 410
389 57
40 225
415 224
68 422
79 343
368 172
484 60
421 290
422 443
492 317
199 417
54 109
470 460
211 163
421 190
271 240
343 65
132 193
309 38
30 256
323 166
488 230
379 365
313 487
273 152
386 470
249 444
154 258
98 7
110 28
360 411
279 394
260 25
288 365
229 274
147 244
474 58
179 180
407 356
171 357
209 460
494 222
171 328
409 49
257 350
140 114
225 443
92 7
423 224
244 35
479 390
199 345
89 41
259 427
115 436
496 482
389 486
143 377
431 391
337 295
2 311
367 106
396 358
368 38
470 360
323 137
