109 7478
481 324
313 63
3 84
438 370
481 19
491 291
244 462
156 335
110 27
212 406
338 295
207 284
125 152
211 146
483 69
148 11
178 55
172 314
242 411
129 194
48 50
411 483
399 142
45 287
86 236
330 393
419 306
355 19
303 354
195 249
231 69
34 161
460 349
267 355
153 300
299 316
84 478
10 355
464 411
54 159
426 346
344 157
427 493
99 180
477 423
124 246
40 335
223 304
137 57
152 428
440 149
254 200
379 203
499 44
152 336
74 182
6 442
294 35
80 106
338 207
310 233
216 498
146 191
360 376
34 364
150 41
65 455
145 216
230 445
477 108
428 206
115 239
460 115
137 133
142 293
133 395
186 394
186 338
378 373
59 314
28 268
424 226
498 29
289 234
309 261
146 481
244 344
364 278
428 403
106 459
226 43
436 259
337 415
172 193
248 13
227 76
367 459
415 46
57 477
490 154
291 218
34 272
91 305
133 150
362 364
332 322
444 329
492 261
95 176
