119 6772
337 219
142 283
244 161
332 335
398 329
344 403
184 118
35 419
139 463
24 126
64 365
153 151
186 465
440 365
116 493
121 129
247 120
450 109
452 428
400 8
204 143
221 333
85 482
485 111
487 253
110 477
189 359
412 290
363 459
166 30
42 386
262 222
78 215
214 455
437 279
189 364
478 161
122 428
414 278
88 205
255 144
27 186
222 78
64 303
488 344
97 53
147 201
164 273
380 144
69 61
352 140
288 169
111 472
439 144
343 339
38 99
231 5
296 415
44 211
389 386
330 218
210 472
85 225
372 411
421 215
373 270
294 21
22 178
17 457
241 336
130 408
279 178
160 23
466 365
194 498
393 435
220 377
71 102
191 247
399 274
39 38
207 283
109 147
212 331
218 328
51 243
474 247
352 321
301 433
180 405
93 206
285 345
416 473
23 27
366 435
98 398
98 224
70 244
466 20
297 140
353 232
36 53
386 371
165 105
429 134
255 192
41 114
225 177
245 497
89 201
454 438
198 157
230 56
272 389
359 316
107 59
481 436
190 398
74 125
