118 17636
197 278
192 379
390 357
473 230
395 155
153 314
461 113
339 107
266 420
368 326
225 457
481 50
379 59
445 231
182 153
251 166
25 336
188 495
269 394
257 411
409 328
111 453
216 279
366 305
373 291
22 196
238 113
488 496
447 78
161 411
26 347
455 110
356 50
274 345
300 474
434 280
263 133
134 362
270 182
171 311
15 372
162 399
216 492
435 277
174 261
488 272
463 41
270 139
415 356
60 413
274 7
50 212
158 326
310 62
168 336
340 111
165 329
160 175
309 272
273 233
360 451
104 79
34 444
30 264
223 385
414 282
57 12
326 356
382 202
403 415
430 139
309 299
444 489
400 361
249 2
228 458
365 418
17 33
430 369
471 145
54 232
341 347
424 475
110 253
320 33
41 154
203 232
391 81
31 93
233 260
215 50
132 84
174 304
311 164
47 270
211 316
133 331
101 221
11 161
286 11
150 436
319 191
481 33
287 438
320 114
447 311
252 456
396 199
98 172
409 313
389 24
298 32
191 303
265 378
459 122
401 294
272 318
156 297
