138 15202
163 446
71 464
227 293
360 7
141 8
163 123
373 82
124 287
412 234
227 404
332 431
133 92
454 87
366 476
436 218
359 51
428 208
293 192
162 120
134 433
274 477
28 310
317 149
50 332
418 386
44 455
205 51
170 439
84 358
76 271
295 306
320 411
406 12
214 147
194 55
113 314
298 337
497 170
86 349
372 401
407 251
354 290
265 170
479 100
269 80
456 427
25 103
496 124
395 256
334 421
285 361
140 68
66 107
218 211
234 385
328 57
370 394
327 388
204 191
162 388
469 471
318 136
152 20
236 366
380 136
19 293
208 167
53 301
33 165
146 100
442 332
375 414
389 313
401 405
388 36
68 306
187 393
236 204
117 109
269 353
116 256
66 337
400 435
141 31
362 461
55 452
183 342
25 80
155 122
91 129
421 323
129 70
79 238
205 224
417 336
301 287
10 463
421 489
99 313
79 344
231 388
209 259
210 145
59 337
452 149
316 483
318 288
396 160
485 455
144 225
69 85
104 255
219 456
58 434
294 118
39 409
111 473
18 23
242 117
491 33
422 367
412 246
170 274
342 84
254 159
236 389
178 303
335 468
7 374
456 65
313 481
348 324
315 281
255 23
81 241
400 52
250 399
343 126
