73 6688
339 491
44 358
175 180
177 134
484 7
295 266
267 219
406 63
175 213
92 29
140 100
186 43
409 57
467 197
451 418
170 116
202 395
132 292
108 80
38 3
207 142
180 197
1 274
104 492
164 305
137 384
254 90
11 59
222 399
481 484
180 168
107 186
389 413
125 396
41 240
61 490
181 147
477 368
441 499
215 352
33 90
57 173
97 199
88 277
18 309
499 415
376 93
220 72
258 352
14 210
399 59
125 136
187 43
400 49
352 6
132 7
260 452
250 14
446 24
135 171
170 468
329 36
64 192
368 387
80 339
437 401
246 341
93 96
68 489
199 243
373 476
108 217
221 349
