132 18178
172 147
306 76
483 484
298 341
429 447
164 306
442 411
439 98
319 58
371 489
482 129
347 44
353 406
359 172
169 496
275 227
270 410
364 46
429 121
120 312
100 142
46 176
326 241
413 141
110 401
429 239
233 411
298 73
353 462
205 88
458 174
112 77
114 130
445 302
2 39
289 267
470 427
392 118
276 384
197 337
52 35
211 16
94 477
185 116
375 230
3 438
330 272
76 32
139 85
112 452
180 139
177 468
14 393
149 278
135 153
393 412
291 481
160 211
280 407
422 463
349 71
31 101
222 143
317 218
180 218
179 489
356 183
90 325
463 25
461 291
170 36
111 336
108 266
136 478
231 96
199 483
220 137
7 449
334 484
385 19
50 496
208 416
229 279
35 312
477 322
431 338
381 214
378 322
206 120
476 273
10 124
394 166
341 196
400 209
91 336
204 46
472 192
242 15
61 10
113 165
297 113
362 117
21 156
195 438
162 468
105 159
331 454
149 101
409 229
419 180
243 343
418 285
300 378
183 103
362 92
162 95
146 11
310 273
462 150
22 163
237 246
368 147
232 342
340 202
182 393
272 266
424 389
1 145
183 368
221 271
381 336
234 108
