103 17334
115 212
486 123
461 258
329 215
328 489
80 293
203 449
292 68
45 135
173 367
304 124
177 163
328 59
494 277
118 362
353 368
360 55
135 203
499 32
420 206
295 195
57 123
133 84
310 287
296 155
20 419
131 446
117 312
153 336
218 423
347 276
219 51
22 78
32 337
479 76
497 6
177 497
194 21
237 29
484 82
87 460
38 46
489 287
8 210
143 418
155 315
424 278
466 464
360 120
183 305
69 483
82 274
424 428
86 150
204 204
124 258
177 226
494 430
366 249
45 241
411 55
388 87
265 23
476 27
201 428
372 435
116 400
437 213
161 114
457 2
185 223
460 2
233 232
291 226
182 489
350 222
336 26
156 74
347 148
434 275
230 222
187 239
40 478
335 124
442 317
375 390
259 21
393 342
41 269
340 73
245 386
388 17
441 23
413 327
112 39
414 19
225 312
477 206
107 499
28 198
225 306
287 235
375 354
