115 7070
436 184
348 320
359 235
231 404
247 178
133 402
127 105
44 209
185 272
43 324
88 198
493 317
189 237
177 385
91 439
124 253
390 489
180 22
420 161
337 288
250 358
215 492
394 338
354 426
61 91
395 221
168 289
354 419
411 279
257 257
412 183
57 43
120 259
239 375
36 195
55 472
448 200
182 7
300 435
224 83
196 498
147 434
454 81
234 439
305 179
134 20
12 470
353 491
430 208
224 167
24 226
311 410
398 132
168 74
30 43
45 478
50 137
451 287
257 279
17 348
173 258
338 111
467 445
89 454
179 10
491 94
401 229
292 160
494 157
184 226
426 5
353 72
231 290
15 145
211 437
121 66
113 197
61 461
167 422
143 109
155 448
484 145
82 290
245 172
296 443
36 341
59 173
191 405
339 175
262 446
225 258
317 421
102 55
472 165
189 299
119 140
471 362
287 381
4 473
36 24
437 35
267 478
486 186
437 448
423 4
385 75
350 439
4 458
156 175
469 334
80 348
383 403
409 482
218 299
453 418
