79 4617
455 359
23 339
444 484
285 380
421 460
303 61
275 130
267 394
129 17
471 319
276 265
200 317
100 187
224 132
422 149
221 16
193 461
336 237
256 279
107 481
154 482
123 418
462 24
202 464
169 33
390 7
356 340
278 133
250 338
197 296
206 368
435 307
293 58
126 89
300 291
175 215
449 275
83 481
314 489
20 312
340 324
388 498
409 223
288 246
106 469
394 280
283 264
138 424
91 1
444 384
178 38
204 80
34 70
202 386
385 261
307 101
3 476
233 118
163 378
226 175
221 29
172 98
230 471
212 479
223 273
30 127
294 425
20 64
496 103
325 276
379 138
284 395
457 329
27 123
18 42
117 61
47 171
435 279
383 392
