80 13421
454 126
204 138
186 18
153 204
258 181
293 242
261 218
310 419
59 414
296 483
180 153
402 456
261 70
195 429
472 307
102 383
258 136
227 217
217 80
79 458
154 416
71 376
124 424
132 368
401 498
367 86
376 200
286 39
295 36
146 41
397 299
237 249
200 396
2 385
363 267
313 14
356 333
24 93
262 403
351 42
299 223
204 209
276 93
302 488
488 364
399 141
377 78
86 58
36 171
204 474
180 394
344 15
291 113
11 333
185 3
458 482
314 283
474 408
443 246
275 167
319 49
19 42
80 477
195 482
304 31
480 8
175 358
481 13
243 324
373 359
257 393
139 388
476 338
340 134
42 490
277 48
84 219
112 221
82 278
358 228
