76 14057
216 52
429 85
201 166
15 183
66 154
113 1
263 221
144 57
192 227
1 429
390 279
489 401
133 46
472 277
8 464
302 223
343 48
355 161
41 474
251 223
41 283
96 173
274 90
455 407
419 314
58 481
71 89
351 406
356 164
291 72
309 367
428 358
165 417
362 109
346 191
491 471
23 156
437 33
256 295
305 470
151 379
203 162
190 444
332 63
278 296
121 473
334 111
336 68
360 261
321 94
480 109
402 74
346 47
53 145
226 214
319 483
35 457
291 229
105 232
87 489
469 459
289 290
380 439
109 317
451 391
299 38
81 216
249 370
442 232
240 317
244 96
239 382
12 231
325 367
244 400
156 57
