71 19187
203 82
222 206
285 476
113 413
343 327
69 498
72 317
191 322
120 429
27 197
424 405
145 31
34 429
143 192
339 168
456 29
239 279
400 131
4 96
451 444
183 462
228 141
326 425
137 178
473 314
438 220
258 488
388 133
385 277
302 378
414 325
310 194
346 440
374 300
77 264
456 376
240 465
250 157
90 221
335 202
53 170
97 413
455 132
229 92
109 352
388 428
182 29
399 206
320 216
177 136
286 293
333 68
342 437
17 321
369 160
429 57
105 67
32 126
242 411
341 479
222 342
277 247
47 198
105 245
359 427
150 382
50 463
101 2
64 44
432 496
430 142
